v 0.250000 -0.250000
v 0.250000 0.250000
v -0.250000 -0.250000
v -0.250000 0.250000
v 0.121775 1.000000
v 0.250000 0.871775
v 0.212444 0.962444
v -1.000000 0.121775
v -0.871775 0.250000
v -0.962444 0.212444
v -0.121775 -1.000000
v -0.250000 -0.871775
v -0.212444 -0.962444
v 1.000000 -0.121775
v 0.871775 -0.250000
v 0.962444 -0.212444
v -0.121775 1.000000
v -0.250000 0.871775
v -0.212444 0.962444
v -1.000000 -0.121775
v -0.871775 -0.250000
v -0.962444 -0.212444
v 0.121775 -1.000000
v 0.250000 -0.871775
v 0.212444 -0.962444
v 1.000000 0.121775
v 0.871775 0.250000
v 0.962444 0.212444
f 14 15 2
f 8 9 3
f 11 18 7
f 2 27 28
f 28 26 14
f 14 16 15
f 15 1 2
f 2 28 14
f 3 21 22
f 22 20 8
f 8 10 9
f 9 4 3
f 3 22 8
f 6 2 1
f 1 24 25
f 25 23 11
f 11 13 12
f 3 4 18
f 11 12 3
f 1 25 11
f 7 6 1
f 17 5 7
f 18 19 17
f 11 3 18
f 7 1 11
f 18 17 7
